8 888888888o.      8 8888888888   8 888888888o 8888888 8888888888           8 888888888o.      8 8888888888 8888888 8888888888 8 8888888888       ,o888888o. 8888888 8888888888  8 8888 `8.`888b           ,8' 8 8888888888   
8 8888    `^888.   8 8888         8 8888    `88.     8 8888                 8 8888    `^888.   8 8888             8 8888       8 8888            8888     `88.     8 8888        8 8888  `8.`888b         ,8'  8 8888         
8 8888        `88. 8 8888         8 8888     `88     8 8888                 8 8888        `88. 8 8888             8 8888       8 8888         ,8 8888       `8.    8 8888        8 8888   `8.`888b       ,8'   8 8888         
8 8888         `88 8 8888         8 8888     ,88     8 8888                 8 8888         `88 8 8888             8 8888       8 8888         88 8888              8 8888        8 8888    `8.`888b     ,8'    8 8888         
8 8888          88 8 888888888888 8 8888.   ,88'     8 8888                 8 8888          88 8 888888888888     8 8888       8 888888888888 88 8888              8 8888        8 8888     `8.`888b   ,8'     8 888888888888 
8 8888          88 8 8888         8 8888888888       8 8888                 8 8888          88 8 8888             8 8888       8 8888         88 8888              8 8888        8 8888      `8.`888b ,8'      8 8888         
8 8888         ,88 8 8888         8 8888    `88.     8 8888                 8 8888         ,88 8 8888             8 8888       8 8888         88 8888              8 8888        8 8888       `8.`888b8'       8 8888         
8 8888        ,88' 8 8888         8 8888      88     8 8888                 8 8888        ,88' 8 8888             8 8888       8 8888         `8 8888       .8'    8 8888        8 8888        `8.`888'        8 8888         
8 8888    ,o88P'   8 8888         8 8888    ,88'     8 8888                 8 8888    ,o88P'   8 8888             8 8888       8 8888            8888     ,88'     8 8888        8 8888         `8.`8'         8 8888         
8 888888888P'      8 888888888888 8 888888888P       8 8888                 8 888888888P'      8 888888888888     8 8888       8 888888888888     `8888888P'       8 8888        8 8888          `8.`          8 888888888888 



To install the required modules install the dependencies using 
    pip install -r requirements.txt
    
How to start the backend server:
    uvicorn main:app --reload